1,1,1,1,1,1,1,1,1,1,1,1,1,1,1,1,1,1,1,1
1,1,1,1,1,1,1,1,1,1,1,1,1,1,1,1,1,1,1,1
1,1,0,0,0,0,0,1,1,1,1,1,1,0,0,0,0,0,1,1
1,1,0,0,0,0,0,0,0,0,0,0,0,0,0,0,0,0,1,1
1,1,0,0,0,0,0,1,1,1,1,1,1,0,0,0,0,0,1,1
1,1,0,0,0,0,0,1,1,1,1,1,1,0,0,0,0,0,1,1
1,1,0,0,0,0,0,1,1,1,1,1,1,0,0,0,0,0,1,1
1,1,1,0,1,1,1,1,1,1,1,1,1,1,1,1,0,1,1,1
1,1,1,0,1,1,1,1,1,1,1,1,1,1,1,1,0,1,1,1
1,1,1,0,1,1,1,1,1,1,1,1,1,1,1,1,0,1,1,1
1,1,1,0,1,1,1,1,1,1,1,1,1,1,1,1,0,1,1,1
1,1,1,0,1,1,1,1,1,1,1,1,1,1,1,1,0,1,1,1
1,1,1,0,1,1,1,1,1,1,1,1,1,1,1,1,0,1,1,1
1,1,0,0,0,0,0,1,1,1,1,1,1,0,0,0,0,0,1,1
1,1,0,0,0,0,0,1,1,1,1,1,1,0,0,0,0,0,1,1
1,1,0,0,0,0,0,1,1,1,1,1,1,0,0,0,0,0,1,1
1,1,0,0,0,0,0,0,0,0,0,0,0,0,0,0,0,0,1,1
1,1,0,0,0,0,0,1,1,1,1,1,1,0,0,0,0,0,1,1 
1,1,1,1,1,1,1,1,1,1,1,1,1,1,1,1,1,1,1,1
1,1,1,1,1,1,1,1,1,1,1,1,1,1,1,1,1,1,1,1
8,4
42,126
53,137
262,346
273,357
67,72
143,243
156,256
327,332